,BOGOTA.CL,BVC.CL,CELSIA.CL,CEMARGOS.CL,CIBEST.CL,CNEC.CL,CONCONCRET.CL,CORFICOLCF.CL,ECOPETROL.CL,ENKA.CL,ETB.CL,EXITO.CL,GEB.CL,GRUBOLIVAR.CL,GRUPOARGOS.CL,GRUPOAVAL.CL,GRUPOSURA.CL,HCOLSEL.CL,ICOLCAP.CL,ISA.CL,MINEROS.CL,NUTRESA.CL,PFAVAL.CL,PFCIBEST.CL,PFCORFICOL.CL,PFDAVVNDA.CL,PFGRUPOARG.CL,PFGRUPSURA.CL,PROMIGAS.CL,TERPEL.CL,AAPL,AGUAS-A.SN,AMZN,ANDINA-B.SN,BAC,BAP,BRK-B,BSANTANDER.SN,BVN,C,CBU7.L,CCU,CENCOSUD.SN,CFMITNIPSA.SN,CHILE.SN,COLBUN.SN,CONCHATORO.SN,COPEC.SN,CPAC,CSPX.L,ECL.SN,EIMI.L,ENELCHILE.SN,ENTEL.SN,F,FALABELLA.SN,GE,GOOGL,IAM.SN,IJPA.L,ITAUCL.SN,JETS,JNJ,JPM,META,NKE,NVDA,PARAUCO.SN,PBR,PFE,RIPLEY.SN,SCCO,SGLD.L,SMU.SN,SPXS.L,SUAS.L,URA,VAPORES.SN,VOLCABC1.LM,VOO
BOGOTA.CL,0.0017747169837860454,-5.406782688079274e-05,0.0002677773918857404,-0.00021353002738797882,0.00044649729834368327,9.126270863243852e-05,0.0003630750358927603,0.0006040658216741424,4.655844074660277e-05,-0.00019623053827887905,2.3115912839849088e-05,0.0003650803927195987,0.000498124446733866,0.00025803735332238326,0.00011077483141646708,0.00036759779514280115,-5.316204120175355e-05,0.0002254118159762404,0.0003395153466493385,9.534894708136473e-05,0.00010006916433835872,0.0005221831704673517,0.0006958868704176418,0.00039486481043490596,0.00019298598639400305,0.0003587824860284114,-8.959047854852894e-05,-0.0002782466446354869,-0.00030592389012286874,0.00011655066307247913,-1.5891399637547776e-05,0.00011388701780320236,0.00016265943173485447,0.00022135900284056415,-5.308596722580259e-05,0.00012385273396661622,-1.771241091068317e-05,-4.81823346448531e-05,7.693275730190676e-05,-6.110265850503455e-06,4.931632291412888e-05,0.00021785514668345318,-4.254601817824997e-05,2.7884756332379914e-05,6.104115407384632e-05,-7.289129997808258e-05,-7.020453472764165e-05,-0.00012439257491117208,0.0001605851722845929,2.3950854478386247e-05,-6.182796341471689e-05,0.00014699915590449453,3.188329156831061e-05,0.00012079926445994128,8.489293985913872e-05,-6.914807180564469e-05,7.085574409733061e-05,-8.09996267881809e-06,5.051778831824706e-05,0.00018643621516418324,7.159983395970312e-05,2.9558324109140392e-05,0.00017974889955852262,-5.8576868983391595e-05,0.000189449629799019,0.00022148764365816879,-0.0002956514645142245,4.282529479671203e-05,0.00020944175477470675,0.00022303805353602568,-0.000310821912033546,-2.783551371572927e-05,0.00012961848284470483,-0.00012525896245081924,2.6825317179051522e-05,6.369364070123097e-06,5.946293512156594e-05,-2.285966089439437e-05,0.00029850358603447213,-1.491728721225809e-05
BVC.CL,-5.406782688079274e-05,0.001922138944787578,0.0005065985940195003,0.0001683307656962749,-7.027952956512557e-06,-9.913290641883849e-05,-0.00011003791547013728,0.00017367456020935654,-6.718288932619775e-05,0.0003964120980912255,0.0002468273468415147,8.004121388246988e-05,0.0005969690529095353,0.0005604414683907743,0.0002013587224372239,8.343633799502546e-05,0.00044944695438644736,2.3741406333780918e-05,-8.749722308687235e-05,5.640330646232436e-05,0.00041617659487204955,-0.0003568826499156478,9.086478254283308e-05,0.00015497099467467565,0.0002285592248761027,0.00010439874119285155,0.0003252207232831222,0.0003519553622846064,0.0005303860019222705,0.0002079585669602629,0.00010549185926439992,0.0001309317764816553,0.00014175682974530303,8.809607533206926e-05,-5.166512201300847e-05,3.754712559748422e-05,-6.500893074175882e-05,-1.3039271876176101e-05,-4.492151518936503e-05,-3.625156203384934e-06,5.042683771208528e-05,9.008488762259605e-06,8.848176142593381e-05,-3.615615213010819e-05,5.7278550877673e-05,-5.4069721624666604e-05,-0.0001109149826796081,-9.831293436114384e-05,-4.631345253813458e-05,2.2490282214398372e-05,-0.00014016462035718575,-4.120757058737769e-05,-0.00023970211197225593,-0.0002215293256363342,-7.547331829273897e-06,-6.199941038255723e-05,-2.3439070492784465e-05,0.00038820991917781994,4.669775618834132e-05,2.3241022610109277e-05,-2.0740015812900682e-06,-0.00012968334664916644,9.607662798791419e-05,-9.286498516813846e-05,-0.0001505593131168883,8.016400755125133e-05,-5.852363674596873e-05,3.163889312392621e-05,4.455342264965657e-05,-4.4211391336989073e-05,-2.329143326444691e-05,-0.00020666205400546664,1.4646941328904764e-05,0.00020049197262372742,1.6754195153881335e-05,1.2787051766652364e-05,-0.0001233356543558515,-0.00012969585778715927,-0.00023774949609889213,3.3523262694512814e-05
CELSIA.CL,0.0002677773918857404,0.0005065985940195003,0.0019830294961750345,0.0006165129564777922,0.00020018614429655646,4.264693753918648e-05,0.00045127648052835384,0.0004932998968663786,0.00044732437996001113,0.00044680359214977486,0.0003929478061344986,0.0004341549221153505,0.0011365159292440323,0.0009927040753637392,0.00093056816558083,7.708765639023771e-05,0.0006370659213672071,0.00030317061021876984,0.00038639139337269155,0.0002824013540301317,0.0006803047990804001,-0.000710571482698239,0.00016123923873055277,0.00040567563972082,0.000548501804803836,0.0009603463708572561,0.0008980586522666386,0.0010411152136322382,0.0005203711897038098,0.0002439109850411021,-5.184518341960312e-05,-0.0001046147308431925,6.209152653290855e-06,1.2732271901496101e-05,0.0001550998495471568,0.0003124256772141808,6.920265413116399e-06,-7.05871268889633e-05,0.0008838433876225463,0.00019168247010755782,1.8511108211500937e-05,-4.7253604134517094e-05,-0.0001078970827710473,-2.6545049049844513e-05,2.4066069631726252e-06,2.1990541046304063e-05,-5.406148467153692e-05,6.719664956481806e-06,-0.00015020878895201573,9.434330225451642e-05,1.2215036371699181e-05,0.00013299841421042082,-2.975507842399384e-05,-5.6175047085890833e-05,0.0003002000091677286,-0.00011370620398479725,0.00017849349994813755,0.00019167769667308574,-9.617761946264163e-05,3.719911795350083e-05,3.5267777751476794e-05,4.6280659986691855e-05,3.420694004810003e-05,0.00011926165289909519,0.00019743524822350068,8.82149399547917e-05,0.0001264295811275118,-1.1761489622273401e-05,0.00011042939810459756,-0.00010980254929436213,2.487450558583731e-05,0.0002004539043439598,0.0002338203936733238,-9.785914540183521e-05,0.00010140323333028572,6.63725946366686e-05,0.00020591511659917276,0.00014742945721490466,0.00016210501167738636,9.534398693663284e-05
CEMARGOS.CL,-0.00021353002738797882,0.0001683307656962749,0.0006165129564777922,0.0028783506822119267,0.0002316937725247861,-3.750379745807432e-05,0.0004908780975280341,0.00026496142022312445,0.00026927829077189324,0.0002484248809733947,0.0004600010566435651,-0.0004254353194546641,0.0005046538166191131,0.00010195056566591199,0.001025529123302843,-0.00016141263914219996,0.0009332500054527779,0.00023098713285589929,0.0002881889736327181,0.0004369066180358273,0.0005164909738161589,-0.0008145196125834524,-0.00017762402968810254,0.00014099098116240988,0.0007235354588948799,0.00047794950744058903,0.0007392141840724071,0.0009578403896620124,0.0006290141402881992,0.0002931669648307346,-8.652575741056504e-05,-4.300200841939052e-05,-0.00010664017379169789,3.4058260856384675e-05,0.00016472326947517823,9.021291288290269e-05,3.193951551298349e-05,7.173546816731754e-05,0.0004024074951722865,0.00021777390105150234,7.025283836699133e-06,-6.366859205412777e-05,-4.005873831772029e-05,-2.6103065289417716e-05,-6.443072977803197e-05,-0.0002722908279519018,5.7292202947797646e-05,9.039086348134286e-05,2.3321318220540815e-07,8.94098635738324e-05,-5.4018722158288034e-05,1.5663129563062745e-05,-7.655564118008949e-07,-0.0003278999225210518,5.7671817048613456e-05,-0.00012783443667006592,-1.4128526498042777e-05,0.00014792173964682195,4.7863602492231506e-06,4.9050370017289276e-05,-3.463118017089032e-05,-2.5577462269012483e-05,7.515081421375696e-05,0.00010764105005322577,-4.318185506788325e-05,9.12028195345821e-05,-0.00016422410454890648,0.00014663095081340977,-2.191763309664649e-05,-3.0843912974854614e-05,-8.510803723419304e-05,0.00013635994962970084,0.00011396312343804839,0.00011111140845571236,9.341997652981554e-05,6.899860073835398e-05,0.00024227782464624376,8.167605718616655e-05,-0.0001191813129667789,3.247767029553605e-05
CIBEST.CL,0.00044649729834368327,-7.027952956512557e-06,0.00020018614429655646,0.0002316937725247861,0.0017313831785960648,3.7030175285464416e-05,0.000294704350043605,0.0006867536281301277,0.00013388796251553338,0.00021364293667393053,6.926063447510013e-05,2.5354481443422924e-05,0.00025069329167172244,0.00023027657935719258,0.0005086714363573383,0.000503105881534629,0.00030926505111210253,0.0003264628084378261,0.0006215327951579849,0.0005915756785961691,0.0002801637883672392,0.00036791625620132354,0.0006515025326638856,0.0011460250482643287,0.0005008423962884039,0.0005244728591858905,0.0005170957881396183,0.00047130133898338073,-1.2496937515110532e-05,0.00037748368634021124,-0.00018154985270115278,4.1857463073381184e-05,-0.00019965019278792956,0.00019320010725579312,0.00016670110708292144,5.2546388114162256e-05,6.141973054577432e-05,0.00021787307353553003,-0.0001663748066916431,0.00035969015598681637,4.742551814320465e-05,0.0002258193382999665,3.462108657947631e-05,0.00021080518514010336,0.000280004150932168,3.3680035005871694e-06,0.0001659989793388723,5.56637873681953e-05,8.441593945498052e-05,-5.23098262704798e-06,4.997252861478838e-05,0.000192380637023625,0.00018001687394796198,3.245441598539747e-05,0.0002679210818561508,0.000197756055878656,-3.877141056249287e-05,-0.0001530222821741521,4.24270812942216e-05,0.00015970835945590937,0.0001118794946532863,1.0858320128849173e-05,0.0001145086624832164,0.00014449762031894313,-0.00012580868291760076,0.00013130075735945132,-0.000552305372155048,0.00045523090507685167,4.5728843819759577e-05,3.4160556915421966e-05,0.00010455226436229662,0.00025691597446780173,5.6589887793242394e-05,0.00026648754786151265,-1.1259656880378394e-05,1.2253264634950895e-05,0.00018353652367863636,0.0003666094041308601,8.620119931699621e-05,-6.295766585237457e-05
CNEC.CL,9.126270863243852e-05,-9.913290641883849e-05,4.264693753918648e-05,-3.750379745807432e-05,3.7030175285464416e-05,0.00559483101980465,-2.3985975802557323e-05,-3.569094885094565e-05,0.0006610208262073712,-0.00015755083493590598,0.000176070210015943,-0.0002707052558828327,-5.682825684506793e-05,-3.97903082975663e-05,-0.00021573786677162713,0.0003195072695511491,-0.00042925939470519776,-2.2889113933907397e-05,0.00013837142854758813,-0.00015914400494534733,0.00016150497554005732,-0.0002745088028418999,6.689962237733811e-05,0.00017063640715018685,-0.00022633242804229368,3.5717383381756446e-05,-9.196073550599852e-05,-7.927368827305316e-05,-0.0002206555274214697,0.00024679810260181886,0.00025791779510128313,0.0002234808104080305,0.00017697650746913574,-1.5203434817292803e-08,0.00042840272934875493,0.0003016818884703639,0.00015806009761430546,-8.040671166546183e-06,0.0004523702911539621,0.000388066954220185,-4.132045049943751e-06,0.0003244776465536053,0.00010676460891288647,0.00016709885946853689,-0.00011828095067951658,0.00029342261830365496,-6.552228735250044e-05,8.803649120296263e-05,0.000403047606447114,0.00014138015759295144,0.00017493503814235324,0.00024316396577831161,0.00010422256725813103,6.231751280903816e-05,0.00039353004949510583,0.00016942398283638764,0.0005117834946179792,0.0004048944005263296,0.00019843804615197834,0.0001278385165306489,0.0001931731718949957,0.00015404154872724805,-8.218256207133348e-05,0.00038332382069044196,0.00010641116326318339,9.118890732963331e-05,0.0001937795250422308,0.0002997084149830896,0.0002743652928351225,7.387715848606606e-06,0.00034349864385947645,0.0006712786218648785,9.6580708428359e-05,0.000316550794760014,0.00014268286994912962,0.0001377206540205631,0.000748881794264506,0.00024213970152637656,0.0009760646356260629,0.00016304016665650228
CONCONCRET.CL,0.0003630750358927603,-0.00011003791547013728,0.00045127648052835384,0.0004908780975280341,0.000294704350043605,-2.3985975802557323e-05,0.004522046522558962,0.0007561363816710085,0.00043883135025467215,0.00016703011356199632,0.0005908651601490471,0.000534751345600029,0.0007178267553243622,0.00035638823544580995,0.0004405778697964491,0.0003977490842292627,0.0005518930872259023,0.00018974231038237967,0.00045182862700807435,0.00010560395329023119,0.0003472681475316607,4.0719812332861264e-05,0.00041708369033095576,0.0003367669727824366,0.0005691196542373221,0.00048664231239685407,0.00033574455671823246,0.0008558536856410507,0.0002108426193236038,0.00010344678538693897,-4.742885316499821e-06,0.00013029763966865762,5.064555114269602e-06,0.0001791684258775942,0.0002773376780609529,7.68651934709025e-05,-0.00017753810270947312,0.00020783366786951727,0.00024224166993960433,0.0003171328659585833,-8.139981822261553e-05,4.184943063362838e-05,0.00013129012833846737,0.00017578621089525375,0.00021257863441126402,0.00011173119604050347,0.0001414015694047689,0.00031066159311249195,-1.849571186572186e-05,7.056149362524904e-06,0.00027219220789566974,2.2711197145346492e-05,0.0001747921036894777,-7.813609494113376e-05,-9.668503727203839e-06,-1.6029238140880854e-05,-0.00016074525531016427,0.0001908786765793129,3.7994551905877366e-05,1.8567381482466517e-05,0.00018057496628387436,0.00011001578719679814,-0.00011619462740603783,8.002342190126047e-05,6.966187871171322e-05,4.844824726934823e-05,-0.00023770859918949782,0.00033458054341145425,0.0004942841502487791,-1.949810183406313e-07,-2.143274189226835e-05,0.0002305030396193485,4.212436137409296e-05,-0.00010116134094936632,3.311419896651876e-06,-3.956846572386452e-05,-0.0001845103190430825,0.0002590453392353322,-0.00021910771363155824,-3.327567322581263e-05
CORFICOLCF.CL,0.0006040658216741424,0.00017367456020935654,0.0004932998968663786,0.00026496142022312445,0.0006867536281301277,-3.569094885094565e-05,0.0007561363816710085,0.0022820419955030713,0.00035950386157168314,0.00021779494206462327,0.00013731980147723666,0.0004113701997241792,0.000785196650966039,0.0005125771093960508,0.0005322095825101853,0.0006702445069835777,0.0006830303859600209,0.0005224532345289944,0.000492522101656739,0.0006533290342812921,0.0006622547224891537,-3.844756007765427e-06,0.0008472641850621957,0.0007155876557343261,0.0012101613082843466,0.00068733699913356,0.0006226109401378513,0.0006430812754540046,0.00034376181664784894,0.0002859508807492107,1.0149275769828484e-05,-3.858295088987669e-06,0.0002983354914245683,1.726778712000958e-05,0.00023143324000673453,0.00010472818554123406,-2.1125601076274828e-05,0.00020406885501351172,-8.102647929402254e-05,0.0004284939064990319,1.9007096457001616e-05,5.479528239703165e-05,0.00011365400974801993,0.00013494368448437546,0.0002524411184692073,1.7078705045577794e-06,-6.393228222303721e-05,0.000206234956665429,-4.148702478579125e-05,0.00014773608631869195,0.0002549131616368813,0.0001961663046685495,0.00021248720182833237,3.3106549394386246e-06,0.0001629392069844139,0.00019541633454898488,0.0001640958699557447,0.0001506006567594878,-4.268315956651583e-05,0.00021584782080373896,8.078821153613383e-06,0.00018960285192033842,0.00011711850352100499,0.00021147043425022295,0.00011849312598649361,0.0003056047115539251,3.4165488732339046e-05,0.00025737008693935864,0.00017803386149062303,3.5818710425171377e-05,5.818177197387683e-05,0.00019557434240921522,6.929439134791995e-05,7.283512428850247e-05,0.00014908355663239444,0.00014806881338648765,0.0005285915699206796,0.0002272421869043199,-3.666783967438465e-05,9.584042452596941e-05
ECOPETROL.CL,4.655844074660277e-05,-6.718288932619775e-05,0.00044732437996001113,0.00026927829077189324,0.00013388796251553338,0.0006610208262073712,0.00043883135025467215,0.00035950386157168314,0.0020031555601734896,0.0002758126176730851,0.00024700576208333324,0.00015923649689119124,0.00037992625521558016,-3.20200967434776e-05,0.00021235942565898334,0.0004206342432486157,0.0004325655961768583,0.00028275927313491165,0.00034180811733139225,0.00029062827200313407,0.00026215747769316514,-7.616504900428654e-05,0.00024409065764961383,0.000284069436605825,0.0005762497809527844,0.0004236425257817633,0.00025914087595106785,0.0006522078558460282,0.00047108810888707637,0.0001880148271803228,-1.9930547887194764e-05,-0.0002134570464329629,-0.00013119433138402418,2.762008234193348e-06,0.00035033471312843044,0.00010523152518477452,0.0001801821776158998,0.00014402611245633776,0.0004906449328945351,0.000308008111366529,-7.698480781529906e-05,7.958435786020135e-05,1.342344045722852e-05,9.92023400750465e-05,4.9959423531342187e-05,0.0002709815231997778,-1.845049388042805e-05,0.00015155159618550037,-0.00030352843318126393,2.951775032637626e-05,0.0002191993533772342,9.633209235877671e-05,0.0001466268789207003,2.1492773765600133e-05,0.0003050457360400011,0.00012384037647460047,0.00012948485114124794,-5.843964700417837e-05,-0.00011337478495622573,-2.9139801380176925e-06,7.401450861750513e-05,3.080657875231111e-05,5.564455244184344e-05,0.00028770369302135373,1.7419058120764566e-05,-0.00011368392758881182,-0.00033663606833972556,0.00011314903788233408,0.000660008311207468,6.222722753063601e-05,9.834912278403071e-05,0.00036762498178098115,9.365174516887488e-05,-4.817712695207984e-05,3.216478747566715e-05,4.422073983981818e-06,0.00015846395289734723,0.00018559810703844512,-1.92336911594946e-05,3.4671176785689305e-05
ENKA.CL,-0.00019623053827887905,0.0003964120980912255,0.00044680359214977486,0.0002484248809733947,0.00021364293667393053,-0.00015755083493590598,0.00016703011356199632,0.00021779494206462327,0.0002758126176730851,0.001993768853503112,0.00022477156850858636,-4.9115685459646624e-05,0.0001789091328881983,0.00022745836235876478,0.00020973969140471863,0.00032260329244454035,0.0006195769637728398,0.0001018196128303415,0.00013176072088004947,0.00030168346637730404,0.0002394328186548823,-0.00020490265986710684,0.00021432090452327168,0.00042705710493765666,0.0003648626217986197,0.0003238392053095591,0.0003282413880084355,0.0006798280149829575,0.00042037799149296655,6.489647573262031e-05,1.2812521988623888e-05,3.830736161943512e-05,-6.627089402200472e-05,4.188107402864553e-05,9.360772483854513e-05,0.0001923372799075578,-3.373784343040654e-05,0.00018582529235800974,0.0002610836015235264,0.00021579891042704686,-1.6771092089928357e-05,-3.990804167808258e-05,-1.70978037023829e-05,6.76185704497579e-05,9.350329771443205e-05,0.0001052437409779244,-1.134112198573066e-05,0.0001536097394935418,-0.00038589515010603804,8.43056660488318e-05,-3.92081112191978e-05,0.00015590331732036247,5.3854133159773237e-05,-0.0001439041585267186,0.0001567556932862753,3.388686567977893e-05,3.398028605990392e-05,6.014718929061833e-05,2.533110695680619e-05,-3.0578236577532525e-05,0.00012535616399529596,2.635990298118349e-05,-6.294682091960157e-05,4.5114441016597484e-05,0.0001829510487161801,0.00010275617754018466,9.864812369889878e-05,6.852433954214276e-05,0.0002822607136588818,-7.122084403489064e-05,0.00014265871999270287,0.0002758841647396708,0.00012723472826897938,0.0001377268043429293,8.6610553640564e-05,6.585055525034531e-05,-0.0001443598291796993,0.000274756168972506,-0.00016466866642609208,4.1410675093448894e-05
ETB.CL,2.3115912839849088e-05,0.0002468273468415147,0.0003929478061344986,0.0004600010566435651,6.926063447510013e-05,0.000176070210015943,0.0005908651601490471,0.00013731980147723666,0.00024700576208333324,0.00022477156850858636,0.0035103508002526976,-0.0002478774996389224,0.000272614082304085,0.0002300607390842271,0.00020004945048565556,0.00020042042936629115,0.0004934694306196324,8.982141616974799e-05,5.1383055563930856e-05,3.8406508019108014e-05,0.00024338683756912165,-0.00026730363906537976,0.00018072384766691608,6.957771224626793e-05,0.00016660390091813925,0.00046425826070448887,0.00038244263158438715,0.000342663107016446,0.0005563237952993867,0.0004632574516733258,4.0263913374639e-05,-0.0001629315644454648,0.00022145767397360608,-5.0457880866774706e-05,-5.723313756379778e-05,-0.00011861199297113775,-9.078383184718852e-05,2.4945223200117757e-05,0.00014981905984069233,5.784610781069559e-05,4.815872296176469e-06,-0.0002048831084195329,-9.759520672903943e-05,1.431518114337665e-05,0.00014517545997596193,4.815512673483402e-06,-0.00012990080749050056,-0.00010735203371660459,2.1983417044501637e-05,0.00010477586605395963,9.892778388875665e-06,-2.75300278397442e-05,-0.00019648841918572366,-0.00021621779766534805,-7.239730325685114e-05,-0.0004829439561408169,-0.00010935125094966036,0.00037880586913725014,0.00011203249085948961,-9.222934621533715e-05,-0.00021025645990635193,-8.908275616557896e-05,-0.00023559509556553068,-3.153860453825746e-05,0.0004436281104995534,-6.791024804551316e-05,0.0002671272566500872,0.0002941298674822241,0.0005565839019855253,-1.714578534281201e-05,-0.0001859790726627886,0.00016237825199651547,-2.70655571932605e-06,-0.00020464937964979709,0.00010745899531839107,9.105886670699724e-05,-9.474330088679741e-05,4.356289642560538e-05,-0.0002453053593029207,4.410938452256019e-05
EXITO.CL,0.0003650803927195987,8.004121388246988e-05,0.0004341549221153505,-0.0004254353194546641,2.5354481443422924e-05,-0.0002707052558828327,0.000534751345600029,0.0004113701997241792,0.00015923649689119124,-4.9115685459646624e-05,-0.0002478774996389224,0.003059823454946359,0.0001848502139500024,0.00021787387202952836,0.00011709167720679437,6.132087834178792e-05,0.00015872749460273363,0.0001591731436774065,0.0002756797216922037,-6.368565385342189e-06,-0.00014980618919440005,0.0002669588025857433,0.00014626394579446514,0.00017240430594635841,0.00016347143024368038,0.0003188882675585551,4.384154728873317e-05,0.00014713370172259505,-0.000287065622150114,-1.2463363316995928e-05,0.00029136384294162085,-4.524848528591153e-05,0.0001804356142677035,-0.0001932129361949915,0.0002244999719494873,0.00016604048061428841,-7.284385314119748e-05,-6.271756616085696e-05,-5.2084849511575984e-06,0.0002306921519256872,-4.062301669480686e-05,3.2910258303825115e-05,-0.00021581030794899707,4.101144915517906e-05,1.2430089440486706e-05,-0.00016657380277833352,0.00012462320848040167,5.6025924809359274e-05,9.154345714051294e-05,8.897297580140196e-05,4.595730592435619e-05,4.039045495200848e-05,-2.7062380376177106e-05,0.00035238033856432264,0.00020360548778565896,-6.601227336176643e-05,8.982327822364971e-05,0.000276718605788776,-3.851777665816442e-05,5.7767974598214494e-05,-2.3889668267009093e-05,0.0002606406374552684,2.0583945806048968e-05,2.1147314115894377e-05,-9.879092501457868e-05,0.0001802566166124067,4.8192736987593446e-05,0.00010964762794897394,-4.9456570317741725e-05,2.63743056280446e-05,-7.69193512282485e-05,-3.554337494200842e-05,-8.558597786835267e-05,-0.00011944866336302647,8.55524740624438e-05,6.016991006748201e-05,-0.00011106896342778715,0.000420374047888374,0.0001262159438019798,8.510694625497407e-05
GEB.CL,0.000498124446733866,0.0005969690529095353,0.0011365159292440323,0.0005046538166191131,0.00025069329167172244,-5.682825684506793e-05,0.0007178267553243622,0.000785196650966039,0.00037992625521558016,0.0001789091328881983,0.000272614082304085,0.0001848502139500024,0.0017597084646943666,0.0010102269784135543,0.0006279175116646142,0.00011883727791193598,0.0005818611812307197,0.00030797575442629004,0.0003363735764782699,0.00033493115804534033,0.0007448835281289921,-0.0005162420056528836,0.0003659860575470832,0.0004977316120288884,0.0007620085569643329,0.0007129353989999904,0.0005722552668960244,0.0006860591889422591,0.00042726322624523977,0.0002880182113377681,-6.948501807351174e-05,-5.237630878383814e-05,0.00020836886461938264,0.00010566521098818859,0.00021595647083877403,0.00018322772517467446,9.702800763316457e-05,0.0001485974695252405,0.00047722621361985913,0.0002536895935106143,4.404804152253183e-05,0.0002360199935265868,4.023519174043337e-05,4.476175260736662e-05,6.522080029009827e-05,-1.0538787845047516e-05,3.270502730230447e-05,4.877041331194018e-06,-8.993072135416476e-05,7.649219064149524e-05,-7.183814649383316e-05,9.4613419775216e-05,7.596478322657044e-07,-3.1697673184583495e-05,0.0004359724330193352,-0.00011571410829716455,0.000134132962088334,0.00020731115428814433,-0.0002136261603400141,0.00010177209338608989,0.00012046793782146813,-3.385610469764993e-05,0.00010874292843276179,9.725258057235359e-05,0.0003177658244907043,0.00014752130353691415,-6.937026766969723e-05,4.157967762867966e-05,0.0001765476738671971,3.2234216003716165e-05,-5.596867096859054e-05,9.955509226509157e-05,0.00018651338989825593,-6.938599405203886e-05,8.15324657927789e-05,6.964695992925755e-05,0.0002910761906726239,6.941750935237997e-05,-1.9027556469625942e-05,9.748323490667913e-05
GRUBOLIVAR.CL,0.00025803735332238326,0.0005604414683907743,0.0009927040753637392,0.00010195056566591199,0.00023027657935719258,-3.97903082975663e-05,0.00035638823544580995,0.0005125771093960508,-3.20200967434776e-05,0.00022745836235876478,0.0002300607390842271,0.00021787387202952836,0.0010102269784135543,0.0021921083640247477,0.0006402986481338707,-2.10301387133483e-06,0.0007073778782018464,0.00027439738687121216,0.00024394645678996898,0.0001181742225352854,0.0007619710729088442,-0.0006271332205769401,0.00038425266770722807,0.00032803415614601994,0.000578951728425171,0.0007726252066191944,0.0006402339545537293,0.0007689802406578395,0.0006886605926306367,0.00015542325738898295,-9.644868683551228e-06,-4.48933157297372e-05,9.029781331554129e-05,4.0543592987052185e-06,8.503310892110062e-05,0.0002882010400501744,-2.4126438237617137e-05,-3.504758881282e-05,0.00026214136607358526,0.00010165339946577587,4.392776793536776e-05,1.901139614687132e-05,-1.0697740737866838e-05,1.1389735563760233e-05,2.4954372757144418e-05,-4.660227070349695e-05,3.3718432007011366e-05,1.7687523311404954e-05,-0.00017806036253335033,5.7226358330165586e-05,-0.00014151117894677548,5.536769014420741e-05,-4.363934045499922e-05,-0.00014207152912442861,0.00027657427184722683,4.7806155086767636e-05,-3.685572757885658e-05,0.00010017495887302287,-7.424263987196407e-05,7.558760281188027e-05,6.521233634688119e-05,4.763638826930002e-05,-7.731551156851928e-06,-1.1542038309815805e-05,0.00019522574138560567,-4.8322193956562267e-05,0.0002593434697134397,-1.8085548678106845e-05,3.335763405328139e-05,-0.00020361885770305444,-3.4092888174579935e-05,-4.868925621780068e-05,0.00011072577823291251,3.93648449585331e-06,5.8358060008717816e-05,6.775733013556736e-05,-6.720037965840852e-05,-0.00010347583395425101,-0.00010809934131180675,4.839051042946623e-05
GRUPOARGOS.CL,0.00011077483141646708,0.0002013587224372239,0.00093056816558083,0.001025529123302843,0.0005086714363573383,-0.00021573786677162713,0.0004405778697964491,0.0005322095825101853,0.00021235942565898334,0.00020973969140471863,0.00020004945048565556,0.00011709167720679437,0.0006279175116646142,0.0006402986481338707,0.0030437468945901844,3.383134990002488e-05,0.001194130157558146,0.00039883670897886933,0.0004829916495120834,0.0005379679307708992,0.0006261507691028086,-0.00019221543520336868,0.00013091605294639964,0.00041336346442792676,0.0006964870854632916,0.0008556733657117176,0.002357512103776156,0.0015463941336069066,0.0007159917767426301,0.00025241668722317495,-0.000198542574866487,-0.0001334270066931773,-0.00020875504251665266,0.00011094591092863115,5.766554685922005e-05,0.00015992729650771834,-0.0001480835959799348,9.893230284421029e-05,0.00034375814007164834,7.014040250262882e-05,2.422936750162903e-05,-1.7657106425652674e-06,-2.3821294514780295e-05,1.1535909344092993e-05,0.00018147858343754654,-8.60971352023207e-05,3.768243634906861e-05,-0.00014400973623649558,-0.0001783874359999937,-4.938038437644528e-05,3.0903375507907245e-05,-2.0027077385077526e-05,6.285453596032996e-05,-0.00013562700079965264,5.476301803497496e-05,0.00011540742573093645,-5.3159765383534983e-05,-0.00018599577228511574,-0.00019191894203811067,-0.000178399774029179,-1.068319276350191e-05,3.5177383225616834e-05,-2.331174326630586e-06,3.3779441074586144e-06,9.054216904145705e-05,-0.00011914277917730497,-0.0002700935396142158,6.93114296242031e-05,0.00010345928198339768,-0.0002566416373944774,-6.966094651773174e-05,-0.00014540511739236418,0.0001506525453059053,-0.00011465385436286808,-4.72444745375398e-05,-4.4820222288268685e-05,-2.872769948300346e-05,-6.181993423408168e-05,-0.000374845116106346,-9.463549875708139e-05
GRUPOAVAL.CL,0.00036759779514280115,8.343633799502546e-05,7.708765639023771e-05,-0.00016141263914219996,0.000503105881534629,0.0003195072695511491,0.0003977490842292627,0.0006702445069835777,0.0004206342432486157,0.00032260329244454035,0.00020042042936629115,6.132087834178792e-05,0.00011883727791193598,-2.10301387133483e-06,3.383134990002488e-05,0.001891291744518698,0.0001513762113761845,0.00030862307168485017,0.00039336648571878374,0.0005314535772937817,0.00037929144480206077,0.00010361538124304641,0.0007473582408115056,0.0005368055397940372,0.00029763105230327545,0.00045297041289695065,0.0002105727214055824,0.0004449788708353042,-0.00013120058097588894,-0.00012603750797128422,0.00020393002728760835,-6.011920280954906e-05,0.00013645767043036472,0.00012980747240853946,0.00033934081716997306,-9.574310521472663e-05,0.000139200978317647,9.10307448471608e-05,-0.00040551826306193064,0.0003863421034428846,-1.4760846733628062e-06,2.1015137057008095e-05,4.036813561076926e-05,0.00012322103400528792,0.00022234983399900887,0.00018188238023420764,3.7773601498738044e-05,2.6637104583820932e-05,5.0017516503186506e-05,0.00013859691047314477,0.0001526496846060214,8.088821291400353e-05,0.00023640234288375937,3.0487507154327633e-05,0.0002410296234371298,0.00019653969587275904,0.00012621338004021576,4.079016457717512e-05,0.00011823925777944534,0.00013947207656768348,5.464104491679253e-05,0.00028719012911041766,0.00017035255459128308,0.00018606647900449314,5.5021438199265435e-05,0.00044859235530710794,-0.00024121768981711568,0.00017404661345796148,0.00019184098587158132,0.00021269242692223032,-1.6539069338356778e-05,1.702461148901461e-06,3.018823760873519e-05,4.9750027345316505e-05,0.00013987405635712568,0.00014994259679906242,0.00021073282494245635,0.0002839050136003304,-0.00035168376218180664,0.00011799495774288529
GRUPOSURA.CL,-5.316204120175355e-05,0.00044944695438644736,0.0006370659213672071,0.0009332500054527779,0.00030926505111210253,-0.00042925939470519776,0.0005518930872259023,0.0006830303859600209,0.0004325655961768583,0.0006195769637728398,0.0004934694306196324,0.00015872749460273363,0.0005818611812307197,0.0007073778782018464,0.001194130157558146,0.0001513762113761845,0.0036261622283383825,0.0003667518132785365,0.0003323292804758846,0.0006236836591022106,0.0013162621512836329,-0.0011887759865571654,0.00018634828087657588,0.00041848723639281883,0.0014432839767520005,0.0009769840445960768,0.001409025439702424,0.0020854870206224703,0.0013234032595865828,0.00013362024040031487,-0.00011223991585578342,-0.00025533543048208567,-0.00020809950266683798,-0.00014124146653155879,2.530853106554423e-05,-9.3919537040246e-05,1.8650988968555418e-05,8.468164397061633e-05,-0.00013111712657132207,6.626314545057919e-05,-4.994233832041579e-05,0.00017238483155103615,9.489964931561432e-05,1.2291409201270775e-05,5.59583536760529e-05,0.00011760076891710754,4.489775138825603e-05,8.236110946692059e-05,-0.0004686446742725073,1.2210499828292757e-05,-8.79944105664231e-05,6.437420415315516e-05,0.00014730212642225402,-0.00018861120297071469,2.8386492012166647e-05,0.0002371227226431013,-0.00017506190178742635,-2.573025137465275e-05,-0.0002566433078900271,-0.00016342013701954667,-6.539277523303137e-05,0.0001175624857324289,-2.769299970396292e-05,0.00012124070387792732,-0.0003578460525893381,-9.928676337699806e-05,-0.0001639130945949955,9.339208620960978e-05,0.00024044495157670147,-6.179186047694277e-05,0.0002745180917737393,1.9431646278750414e-06,0.00015570698158691917,1.3192217075380361e-05,1.5073594419505515e-05,7.696120565493021e-06,-0.00016891547091390128,0.0003012081076063426,6.009847531997542e-05,-1.6488234545601954e-05
HCOLSEL.CL,0.0002254118159762404,2.3741406333780918e-05,0.00030317061021876984,0.00023098713285589929,0.0003264628084378261,-2.2889113933907397e-05,0.00018974231038237967,0.0005224532345289944,0.00028275927313491165,0.0001018196128303415,8.982141616974799e-05,0.0001591731436774065,0.00030797575442629004,0.00027439738687121216,0.00039883670897886933,0.00030862307168485017,0.0003667518132785365,0.0004471602823442421,0.0003460941633222654,0.00044642906754655855,0.0003258768495555847,0.00010666078628738657,0.0003655115677718495,0.00036789681834388543,0.00041517565144511475,0.00046896875418566574,0.00037152126149466493,0.0004866904758375785,0.00014567978480549038,0.00018795168952010099,4.259097012913595e-06,-3.52737716783739e-05,9.42111135085456e-05,3.2695630812773474e-05,0.00013760155294411495,6.733039307489197e-05,5.444301562079785e-05,3.693129910173541e-05,9.824373511077057e-05,0.000198321120840612,1.0552368582464886e-05,3.444170007100253e-05,6.122026004153853e-07,3.8527365534781594e-05,4.456645739384328e-05,1.9601164541354504e-05,1.88557036211777e-05,4.591270744133636e-05,7.002865137358383e-06,3.7902943831488934e-05,1.392765119341082e-05,6.998445106469007e-05,4.1309895981611834e-05,9.896735235128204e-05,6.42179739567029e-05,6.937288629155261e-05,6.42042832871809e-05,-2.5967804924045004e-06,-1.215489132974215e-05,3.8628323183650865e-05,4.68553452950764e-05,6.612733711628366e-05,8.924054620488852e-05,8.56959868709552e-05,2.2592307326325853e-05,7.132557432591694e-05,-0.00016332247195692846,0.00010761063667138794,0.00015812961584470657,3.42288541649044e-05,-2.0308246233404366e-05,7.026288405418852e-05,3.0334681363909922e-05,1.7662143593453356e-05,3.8367303938750985e-05,2.2197617443041822e-05,5.678566909602497e-06,0.00014955566623756322,-2.466080250513129e-05,1.3138375091323658e-05
ICOLCAP.CL,0.0003395153466493385,-8.749722308687235e-05,0.00038639139337269155,0.0002881889736327181,0.0006215327951579849,0.00013837142854758813,0.00045182862700807435,0.000492522101656739,0.00034180811733139225,0.00013176072088004947,5.1383055563930856e-05,0.0002756797216922037,0.0003363735764782699,0.00024394645678996898,0.0004829916495120834,0.00039336648571878374,0.0003323292804758846,0.0003460941633222654,0.0005467085234360944,0.0004606297798723994,0.0003663475272208131,0.00022020428418512348,0.0004187637537955784,0.0005769444695344388,0.00040592042653225547,0.000509352655940312,0.0004060383687979331,0.0006201187131825272,2.5139489170873476e-05,0.00016892697780781816,2.4500629882598427e-05,2.1811840813133926e-05,1.2822332086232914e-05,8.2724587264768e-05,0.00022780898399211768,0.00015531432203573143,7.669492342978015e-05,0.00010836940622827535,0.00018794441924799933,0.0003358182095212409,-3.183999987657916e-06,0.00012196789032247436,2.762294611760949e-05,0.00012703805653336523,0.00015188939924387488,8.92671400228514e-05,9.98762002778395e-05,7.056278945082369e-05,2.0053956663129925e-05,6.391983302768471e-05,8.677976281649133e-05,0.00013941954307615398,0.00015658588331357015,4.253243079256195e-05,0.0003154359127536296,0.0001395544936641391,0.00014949812152271596,-5.519537116267059e-05,3.882017956025746e-05,0.00011911025946424661,0.00013622634493231538,0.00015506148579189793,9.426628920354342e-05,0.00015763672799586913,-7.6173361264378e-05,0.00015465717765040688,-0.00023751438850078924,0.0002444812149138369,0.0002313701383407442,1.0552753590827754e-05,6.128853970401608e-05,0.00023788329814991422,6.292103304820655e-05,5.5708547089589244e-05,6.459980651787078e-05,5.7529844706126204e-05,0.00017233433967542777,0.0002485734660459225,4.788326901841991e-05,3.3487474490906127e-05
ISA.CL,9.534894708136473e-05,5.640330646232436e-05,0.0002824013540301317,0.0004369066180358273,0.0005915756785961691,-0.00015914400494534733,0.00010560395329023119,0.0006533290342812921,0.00029062827200313407,0.00030168346637730404,3.8406508019108014e-05,-6.368565385342189e-06,0.00033493115804534033,0.0001181742225352854,0.0005379679307708992,0.0005314535772937817,0.0006236836591022106,0.00044642906754655855,0.0004606297798723994,0.0019759060496292525,0.0006570988900252806,0.00021026001432124632,0.0004060315794753496,0.0007038866946783013,0.0005851375167147749,0.0004817114372847073,0.0004423564122983547,0.0005970017979551103,0.0004223432508610517,0.0002913883503618157,6.720937417256419e-05,9.974829442955826e-05,1.6273521485397465e-05,0.00017335622426653885,0.00029346604104998593,0.00020314069239161085,0.00023012791796133666,0.0003116777268066335,-6.458904192043056e-05,0.00046415750823766016,4.255203410233888e-06,0.0001109858704854022,2.8984314402827827e-05,0.00017749914729094186,0.0002600561484957114,0.00021217169200003538,0.00016769788227679035,0.00029683202134613376,0.00017138896728923235,0.00011557125838535643,0.00016724061436930102,8.856826556483692e-05,0.00021838081614029568,0.00012274136246491035,0.00013499198087650428,0.0001386632280816985,0.00011774051373701863,-7.516159261524588e-06,0.00013194503828645252,0.0001767068477979145,0.00011602632012328188,0.00018803823578962726,0.00017796121245507578,0.00021766643425037005,7.350890583407042e-05,0.0002929862915109413,-0.00028610378542187826,0.000280288139915934,0.0005132928373396288,0.0002741998347056785,0.0002590323917257528,0.00034183673497178687,3.8489244678307594e-05,0.00013952374069101282,0.00012381447551651367,0.00011212704835942425,0.00022991605639711342,0.0003140487635717008,-0.00016158475755934752,8.191040534724017e-05
MINEROS.CL,0.00010006916433835872,0.00041617659487204955,0.0006803047990804001,0.0005164909738161589,0.0002801637883672392,0.00016150497554005732,0.0003472681475316607,0.0006622547224891537,0.00026215747769316514,0.0002394328186548823,0.00024338683756912165,-0.00014980618919440005,0.0007448835281289921,0.0007619710729088442,0.0006261507691028086,0.00037929144480206077,0.0013162621512836329,0.0003258768495555847,0.0003663475272208131,0.0006570988900252806,0.004358142027606111,-0.0008465890067877739,0.00042422425293565474,0.0002881321478574694,0.0011786825167356527,0.0009983215911527378,0.0004018141906930319,0.0010273542378589555,0.0012866213294441162,0.00015784792254049196,-0.00025146828893078324,-9.61220083406269e-05,-0.00010891694804701109,-0.00023698534099392347,-4.752005083231724e-05,-5.426435433276888e-05,-2.5673986159297526e-05,-1.7471925838293657e-05,0.00010723775507284518,-6.235451409838951e-07,1.8480478914737104e-05,-0.00010985291276797888,-0.00024292500563348514,6.135425522003636e-05,1.9518301640767833e-05,-8.298688238825884e-05,-0.00012911139033007081,0.00010863433708472045,-1.3107665957997432e-05,-8.8325547653814e-06,-0.00013453621421078023,6.333196286386899e-05,-2.868871835626422e-05,-0.00027540658385172116,0.00021163489733225154,0.00035425361067990813,2.7107886618487165e-05,0.00019671912984973961,-0.00017138581260945452,1.0121069752573216e-05,0.00010569359527199141,-8.99236909978637e-05,0.00012547100865144682,-0.00011086794359137429,-0.00024090139437233784,0.00034924501704943384,-0.0005328972891626832,0.00016331991740632163,0.00028943582426700057,-0.00027564262183143274,0.000125364365193817,7.763623561888721e-07,0.0003832081659332337,0.000263886855770979,-1.1110644077066023e-05,1.5680647612450194e-05,-0.0002006343208197162,0.0004610988375280917,0.00010641377338097683,-6.62909831708247e-05
