,BOGOTA.CL,BVC.CL,CELSIA.CL,CEMARGOS.CL,CIBEST.CL,CNEC.CL,CORFICOLCF.CL,ECOPETROL.CL,ENKA.CL,ETB.CL,EXITO.CL,GEB.CL,GRUBOLIVAR.CL,GRUPOARGOS.CL,GRUPOAVAL.CL,GRUPOSURA.CL,HCOLSEL.CL,ICOLCAP.CL,ISA.CL,MINEROS.CL,NUTRESA.CL,PFAVAL.CL,PFCIBEST.CL,PFCORFICOL.CL,PFDAVVNDA.CL,PFGRUPOARG.CL,PFGRUPSURA.CL,PROMIGAS.CL,TERPEL.CL,AGUAS-A.SN,AMZN,ANDINA-B.SN,BAC,BAP,BRK-B,BSANTANDER.SN,BVN,C,CBU7.L,CCU,CENCOSUD.SN,CFMITNIPSA.SN,CHILE.SN,COLBUN.SN,CONCHATORO.SN,COPEC.SN,CPAC,CSPX.L,ECL.SN,EIMI.L,ENELCHILE.SN,ENTEL.SN,F,FALABELLA.SN,GE,GOAU,GOOGL,IAM.SN,IJPA.L,ITAUCL.SN,JETS,JNJ,JPM,META,NKE,NVDA,PARAUCO.SN,PFE,SCCO,SGLD.L,SMU.SN,SUAS.L,URA,VAPORES.SN,VOLCABC1.LM,VOO
BOGOTA.CL,0.0015667696929458099,-3.687751934785413e-05,0.00025856674947670455,-0.00018487657435619755,0.00038509782910387506,-1.3925926119430577e-06,0.0006228922412020646,8.578083325548166e-05,-0.0001501238499730086,-6.864402985408629e-07,0.00030511078970524557,0.0003949106776024183,0.00024213946521225733,0.0001353828672735751,0.00041018910963019694,-3.093182800127525e-05,0.00024712687200319965,0.00033767484252474425,0.00011704317821407206,7.017410664800852e-05,0.0007467382602437654,0.0005473723146929178,0.0004023781560752257,0.00010432692538763913,0.0003004939863354508,-6.305969849850938e-05,-0.00017363599926671847,-0.0003389141696571548,0.00011297194778272962,0.00012362730178559588,7.874563423221088e-05,0.00023365219614864352,-6.816555580963093e-05,0.00013592868753367558,-2.8668040238138678e-05,-5.440548656784345e-05,4.030662978357336e-05,-2.5555858843653037e-05,4.6030433741564954e-05,0.00019109126928114594,-1.4059564074373887e-05,1.9876463329735758e-05,8.541226274925008e-05,4.16512189375938e-05,-4.139264549829615e-05,-7.653659745350373e-05,-4.57838745749267e-05,1.8037830343239543e-05,0.00010899432462635232,9.35962808394206e-05,2.470134230920623e-05,0.00015256221959071423,7.800301330743726e-05,3.0132298592385466e-05,5.572835090987586e-05,0.00025931857772255965,-6.211771847309531e-05,0.00010718889107190233,0.00013219353629197956,8.535640541627614e-05,7.789313991287995e-06,0.0002204804721110205,-7.385678012576144e-05,-4.769246604224983e-05,0.00020397259333662437,-0.00035034898884567093,1.1065538849181176e-06,0.00022945346324307965,-0.0001523365248734432,0.00011647726148729235,-8.445695977637827e-05,1.824038059846804e-06,2.1685763310819835e-05,-5.824841452455261e-05,0.00037612615709921933,-2.355757264964876e-05
BVC.CL,-3.687751934785413e-05,0.0019063762769863579,0.0005148321895931403,0.00021447476766097454,3.679940711049192e-05,-8.32665195499538e-05,0.00019408459422862577,-7.632431779318239e-05,0.00038409991215833356,0.00025259432342729485,8.793591273270997e-05,0.0005966354556217458,0.0005745062752588596,0.00020676257649349897,6.936799984743285e-05,0.0004408235423770369,3.706267478650339e-05,-7.293377194743925e-05,8.089163623882785e-05,0.00041899193175018174,-0.0003611155494908754,0.00011667695544923184,0.00015628626069030677,0.00023364379598375508,0.00011193316036124195,0.0003119187519915466,0.00034425672884552883,0.0005109069148949272,0.0002102787383900554,0.00012629958825808492,0.00016740128986341668,8.676481299667542e-05,-4.8800693662395895e-05,3.6873805483918596e-05,-4.964398776297204e-05,-1.1877175745543511e-05,-3.6761081327385076e-05,2.674495419416084e-05,5.3895271092399856e-05,-7.681086896638072e-06,7.451836742854425e-05,-3.676058269382981e-05,4.7579286396264566e-05,-7.731290915970041e-05,-0.00010735851646224496,-0.00010466254355489057,1.4629244469043391e-05,3.648098178517885e-05,-0.00016268814293316349,-3.153386791881441e-05,-0.00023347745446558463,-0.00023745084457237514,-2.775404014980364e-06,-9.838022838803685e-05,-2.2312229381329034e-05,0.00015812885716227283,0.0004214101684895368,4.312268345881411e-05,4.14352564568882e-05,5.697970446264367e-06,-0.00011963020474309065,9.10967471627312e-05,-9.26069982824126e-05,-8.408464115467177e-05,8.631371349608624e-05,-4.4090844242023796e-05,7.643888734620888e-05,-4.2452668729703915e-05,-0.0001852674190588988,2.5105731500587975e-05,0.00022626110255798693,2.5853153170691955e-05,-0.00010197158173836328,-9.054168210535516e-05,-0.00024294635424137816,4.481355309427143e-05
CELSIA.CL,0.00025856674947670455,0.0005148321895931403,0.0019475933965173555,0.0006022797663079453,0.00018555458692897,2.710963904942471e-05,0.00047526383465449663,0.00041474512605777636,0.0004185823659425702,0.0004493217506803786,0.00045857889814794644,0.001137431440282503,0.0009958989664911838,0.0009354570901858496,0.00011845406600470065,0.0006194917157826604,0.00030869198951126914,0.00038910071883187003,0.0003301749271893989,0.0006721021893122956,-0.0007043106419137304,0.00017108762079204602,0.00041170141892426355,0.0005290217374559512,0.0009583141337419073,0.0008868147792251045,0.0010171808020913809,0.000546098111332529,0.0002528455124875397,-9.583575070098874e-05,6.610109888369233e-05,2.096891146705986e-05,0.00016053651616359973,0.0003163414386099161,3.4312957139348566e-05,-5.3804351580189036e-05,0.0008641906740380735,0.00021754023077705508,2.4682489504008415e-05,-1.850014032823017e-05,-9.783031370518817e-05,-7.213325598686682e-06,2.7285059095312654e-06,5.474942622237862e-05,-5.3631113447091695e-05,3.336275960599444e-05,-0.000147099531793797,0.00011765685350514754,4.2449058056666536e-05,0.00012650832624533148,-3.847938137195097e-05,-5.728556001634391e-05,0.0003280618093325009,-8.162253524611888e-05,0.00018406345437970638,0.000569553733445609,0.00023312048697602753,-5.404240962288485e-05,4.6799921697562745e-05,5.189871131574761e-05,6.858071053669323e-05,3.694284579466652e-05,0.00011995051712940184,0.00023807717379708632,0.00013220014990807626,0.00017146236312304354,-1.7076365697391413e-05,-9.346305753140364e-05,0.00019086841382718784,0.0002404222903055932,-0.00011992234502327565,9.37557785901731e-05,0.0002542038006684226,0.00016498471969977289,0.00015812687567228406,0.00012123062600072047
CEMARGOS.CL,-0.00018487657435619755,0.00021447476766097454,0.0006022797663079453,0.002744456009948425,0.0002201483052634242,8.242160445115185e-05,0.00022032329647903717,0.00027827217501815273,0.00027136656302459823,0.0004370041987470593,-0.0003915694094317664,0.0005489014141135915,8.614607880315532e-05,0.000995482323611833,-0.00016936677918292402,0.0009583480053132403,0.00021576131917626752,0.00028126890340104895,0.0003938635473892614,0.00055179330973387,-0.0008593077802571032,-0.00014651270654869638,0.00016524201597284584,0.0007600841189008787,0.0005246243303333284,0.0007368090250762448,0.0009345171312261696,0.0006694016655142271,0.0003445470900628185,-6.153498538151617e-05,-7.678681439065063e-05,9.58645355471355e-06,0.00015666049190105175,9.858130986321291e-05,-3.1676813096466784e-05,7.604856718578342e-05,0.0003969284082023068,0.00016517561544343847,-4.702043249164162e-06,-4.720909416021909e-05,-1.2714694192740168e-05,-9.541541600134575e-06,-3.932982717389068e-05,-0.0002664563713912121,3.318064625931703e-05,9.177389325069233e-05,3.071858937815714e-05,4.494893735341657e-05,-9.082680701718389e-05,2.656605444801286e-05,-5.170051988371482e-05,-0.0003092222345316805,2.951577360469644e-05,-6.75660980300789e-05,-4.8287536590772385e-05,0.0001999774111069884,9.502556896118e-05,-6.495810763673577e-05,2.5607402418803806e-05,-3.1844328311155553e-05,-3.516147700401646e-05,2.3189737461637243e-05,0.00010060038439459322,-5.023904658705878e-05,2.4217810769669716e-05,-0.00018877606992816234,9.350212862312726e-05,-6.466634450211608e-05,0.0001794764632029688,0.00010274679118842095,-4.0365367402216715e-07,2.9368477235313117e-05,0.00028428658559485914,3.2524828891256416e-05,-0.00018150741972757265,-4.970110422054369e-06
CIBEST.CL,0.00038509782910387506,3.679940711049192e-05,0.00018555458692897,0.0002201483052634242,0.001762594972151693,0.00010595610420066127,0.0006786687747713666,0.00014906513180359417,0.00019734025946763228,0.00012114391973964735,2.9166674877912965e-05,0.00025356133877572435,0.00021292720171797434,0.0005056385711783395,0.0005565182524213222,0.00028845068224148796,0.0003506132340554861,0.0006463595941118595,0.0006595939466135573,0.00030526281116640644,0.00040690544100262065,0.0006050051241530001,0.0011848779034513872,0.0005062765628610128,0.0005218066390758094,0.0005046518783990019,0.0004541446071331041,4.893894123266637e-05,0.00043786108725826827,7.311439512321933e-05,-0.0001850749301435074,0.00023724653439017337,0.00012587664019512806,6.34874554685082e-05,2.633373753503134e-05,0.00024109393538061837,-0.00017236731509977146,0.0003373382775027757,4.181432035077233e-05,0.000258660548435361,7.706882969337756e-05,0.00022861450848938485,0.0003171704961314224,5.8282670024321245e-05,0.0001758980763291825,8.051402527283791e-05,-9.712706335489162e-06,-8.072819919860967e-06,0.00014323516321112855,0.00016945787791751012,0.00020584544031668464,1.779491479181251e-05,0.00021620881855126587,0.00026156047082143174,-0.0001218618823622989,9.992480614130407e-05,-0.00015724180200834463,4.938656434143779e-05,0.00012513217750671768,0.0001320706327756249,1.0565669453410558e-05,0.00011481668102597707,0.00012481331803983832,-0.000189055264936252,0.00010323857807513895,-0.0005870333841507191,0.0004471724461360955,5.032860375590512e-05,0.000220731057064401,5.761731051882199e-05,0.0002738302395528944,2.0641977828915164e-05,0.0002642054165114144,0.0003376726608184001,0.00012496799110975028,-6.812450647627147e-05
CNEC.CL,-1.3925926119430577e-06,-8.32665195499538e-05,2.710963904942471e-05,8.242160445115185e-05,0.00010595610420066127,0.005821570743240856,-1.379774565945015e-05,0.0006666236806632922,-0.00019445386840000376,0.00028472296533004957,-0.00033383039813660834,-0.00014647103354170654,-7.352632806810656e-05,-0.00024478915564155615,0.00040191094608152855,-0.0005121228033610126,1.702145227097273e-05,0.00016835862152918767,-6.204448953621443e-05,0.0001594215069458761,-0.00028028660571878625,3.564589911197458e-05,0.00016347268039056877,-0.0002670111865194974,-2.0079201066078296e-05,-0.0001896070454340396,-0.00017443574167476204,-0.00014728900358138326,0.0003247772460833067,0.00027728498621983365,0.0001269893073729348,2.0846717031228077e-05,0.00037902446163427746,0.00032409086407915466,0.00013910834550120177,-3.094104479134977e-06,0.00042646554525652304,0.0004221111702509885,-5.829881534748163e-06,0.00025413679213618674,7.9155574013741e-05,0.00015206144931926758,-0.0001304957664207932,0.0002862185115276709,-4.5254456579352035e-05,9.909631573480802e-05,0.00038351145014102543,0.00015920118081721034,0.0002488206555690308,0.00020503932658554248,0.00016089474100291,-6.76129483045872e-05,0.000316401442373483,0.00016229563443837663,0.0003771139990819262,0.00035668424781254144,0.00043724743420504576,0.00021902544328617195,9.888515762360934e-05,0.00016710096174043655,0.00019468412692093818,-5.67778857192518e-05,0.0003408147799760451,0.00010747167898015255,0.00010396545907717089,0.0001442592440492243,0.00034824987857628406,5.72445644150948e-05,0.0005818396185987586,6.64876351010401e-05,0.000426386503139761,0.00017775316762938046,0.0007932291149611658,0.00024062899768922434,0.0009312845832491381,0.0001737544393320589
CORFICOLCF.CL,0.0006228922412020646,0.00019408459422862577,0.00047526383465449663,0.00022032329647903717,0.0006786687747713666,-1.379774565945015e-05,0.002263120652263976,0.00032614164832561434,0.00020304447238558862,0.00017326870553519903,0.0004174740654065321,0.0007916000938734515,0.0005248502591921596,0.0005060857197761417,0.0006890086870594552,0.0006789347540860337,0.0005160454827830513,0.0004926983135742005,0.0006675153003800851,0.0006752719503115963,-1.3817228173834402e-05,0.0008410339133502503,0.0007315541240632586,0.001214012228820872,0.0006833018377831857,0.000623864279820434,0.00063776655798313,0.00038775986693920895,0.00032704081617716883,-1.0654814491658945e-06,0.00031305855041855363,3.561371057993044e-05,0.00022877411008324298,0.0001241856173321023,-2.9010689843320656e-05,0.00021464255789426537,-4.66209745489231e-05,0.0004249876556273383,1.9793118732345304e-05,0.00010595014674596266,0.0001380300021623087,0.00015422663999773405,0.00026117703009295674,1.9908115447968032e-05,-7.084249982844653e-05,0.0002204745143790134,-9.039015475814448e-06,0.0001485220714858744,0.0002619438364159551,0.00020088360763668888,0.00020564463005661845,-3.90924680741883e-05,0.0001784826687702746,0.00022446459251531083,0.00016304898583486145,0.00025909621141260606,0.00013818853880604213,-2.3137405002486343e-05,0.00021691342518074326,1.875295763534645e-05,0.00020793871389747164,0.0001177229942728505,0.0002146304274736096,0.00012090989186399163,0.0003198614962036605,5.06341427086536e-05,0.00024497284847988535,4.66529591759878e-05,0.00022721730410089802,8.485726454500329e-05,3.529880916187575e-05,0.00015702587130781294,0.0005579868010425264,0.00021925601527934181,-2.5838689625181737e-05,9.91228889729657e-05
ECOPETROL.CL,8.578083325548166e-05,-7.632431779318239e-05,0.00041474512605777636,0.00027827217501815273,0.00014906513180359417,0.0006666236806632922,0.00032614164832561434,0.001980256254177765,0.00026963634120847886,0.000357926649532817,0.0001710798619792168,0.00041685064921022195,-3.4415661837969454e-05,0.0002623599520864915,0.00044329199650473236,0.0003960185393216907,0.0003041831703592361,0.0003558191930181509,0.0003600756646320618,0.0002491193079292044,-3.29268612027429e-05,0.0002867887087493068,0.00028338444302259357,0.0005596230307756314,0.0004575748173722944,0.00024833865096797556,0.0005837423151247948,0.0005185994589192272,0.0001669692354847677,-0.00019972419386335237,-1.8897003939060682e-05,3.384702307051492e-05,0.00034118570969731777,7.650351520732739e-05,0.00021631877600811604,0.00016804242879147965,0.00046070987182467805,0.000345300707944721,-6.764970893896419e-05,0.00011226070849223501,7.0567198278696595e-06,0.00012048374531780409,4.2507293024304655e-05,0.0002853912338480454,-1.8391149914239873e-05,0.00017954011337970716,-0.0003742059404323794,5.863804371142504e-05,0.00021685024758980818,0.00013157662039868924,0.00010344712115799932,5.633647106693703e-05,0.0003183849509013785,9.310442338562746e-05,0.00011797144324135757,0.00031857515980388717,4.679184255435809e-05,-9.28979805920298e-05,2.318260446551044e-05,0.00010526678331716256,4.895039229508142e-05,4.9603108157577085e-05,0.0002834518770712821,0.00020675193121900433,1.0721861325857283e-06,-0.00027762445513051143,0.00014962904794989782,8.804071321406675e-05,0.0004087713902376762,0.00010025588525999191,-3.773451459189869e-05,3.321057336378922e-05,0.00023323736263650748,0.00025629420072167513,-3.3441479207141966e-05,6.811896552824365e-05
ENKA.CL,-0.0001501238499730086,0.00038409991215833356,0.0004185823659425702,0.00027136656302459823,0.00019734025946763228,-0.00019445386840000376,0.00020304447238558862,0.00026963634120847886,0.0019054780520453246,0.00024483904975413024,1.438979378736022e-05,0.00020462960554800522,0.00020315486319384928,0.00019409083098104155,0.0003746617532604347,0.0005720228761606393,7.868429950671665e-05,0.00011523023393409248,0.0003147664367466726,0.0002092905715000163,-0.0004248449024962703,0.00027606557737478555,0.0004023369777335538,0.00037440382464410787,0.0003074754519023794,0.0002998552576209564,0.0006001210333747882,0.00042238174559449694,1.538842092022077e-05,6.582021963924779e-05,-5.401955651264586e-05,1.841010399665657e-05,0.00011962143721000319,0.00019244555800859223,2.728986152703068e-05,0.00019239396820468023,0.0002043076630211976,0.00024895696957481935,-8.32214858694252e-06,-3.8537056284268825e-05,-3.08624230588442e-05,6.466145399218859e-05,6.641158930097814e-05,7.844268224831654e-05,-1.2534024489167166e-05,0.00014273358125135833,-0.00027841763114917436,0.00012349134558702307,-5.206586120580109e-05,0.00012616810079210878,0.0001457714359107897,-0.00011468463867477857,0.00018600924182093494,2.255254317059517e-05,6.711222904543194e-05,0.00014435741408095468,0.00010357241445824258,8.648156203135679e-05,-3.0087194327471443e-06,9.69765601825647e-05,5.043396300417285e-05,-5.214311265376753e-05,5.66076118340701e-05,0.00017375927890687012,0.00012970279591877063,0.00016830374984946983,4.746255830946665e-05,-4.7631516323866324e-05,0.00020924209331967466,0.00010463275523524812,0.0001477156567888393,0.0001090566277678509,-0.0001383442017185063,0.0002543996663448543,-0.0002043060188570081,7.904434543915894e-05
ETB.CL,-6.864402985408629e-07,0.00025259432342729485,0.0004493217506803786,0.0004370041987470593,0.00012114391973964735,0.00028472296533004957,0.00017326870553519903,0.000357926649532817,0.00024483904975413024,0.0033007790956641105,-0.0002082829337902163,0.00026789908141432384,0.00023623467339713963,0.00017235988109587453,0.00015035672879710476,0.0005791646141977403,7.752350536011184e-05,6.578982116380135e-05,-5.1500731118617855e-05,0.0002358795977361957,-0.00037989181915066243,0.0001739245134170194,0.00010300803234519033,0.0001921070324619948,0.0004844723581139978,0.00043880571971854633,0.00047354809095602105,0.00043776899584306285,0.00045964684997282473,-0.00016157683282394864,7.887191090924579e-05,-9.46561627618681e-05,-1.0602232836757788e-05,-4.2455061244693364e-05,-0.00012130788485199709,1.1415876869343398e-06,0.00018093958280763106,4.797907272740964e-05,-8.47458349568957e-06,-0.00022918033496462464,-5.159363432466394e-05,9.434548537246387e-06,0.00015619591300493438,2.4721319404007457e-05,-0.00012949720836070365,-9.065768965137093e-05,-7.136270532891531e-05,7.327806847099345e-05,2.4258436385305716e-05,-4.63885634388967e-05,-0.0001129404462551312,-0.000139487039115353,-4.2607495815655636e-05,-0.00041380349884448945,-7.02020336374337e-05,-0.0001274200507202966,0.0002462428283039864,0.00010951485382790547,-9.796379479933816e-05,-0.00022162449767046096,-9.114268072479683e-05,-0.0002476830829758197,1.5183439283107434e-06,0.00017478884727639888,-0.00011769770878905055,0.00023941497224319328,0.00027869806423575687,-4.3285564934238316e-05,0.0001724720271375792,-2.047548841493098e-05,-0.00018293694958977468,6.997644565987487e-05,-0.0001224985793961748,-1.4159614228687162e-05,-0.0002217659970244679,7.399741369031096e-06
EXITO.CL,0.00030511078970524557,8.793591273270997e-05,0.00045857889814794644,-0.0003915694094317664,2.9166674877912965e-05,-0.00033383039813660834,0.0004174740654065321,0.0001710798619792168,1.438979378736022e-05,-0.0002082829337902163,0.0029978693765984996,0.00016021648888631058,0.00024057582652319738,0.00013720017194378576,3.6649589423684104e-05,0.00017365424975729663,0.00019363358477943662,0.00029520735818211555,2.9425475956378527e-05,-0.00012949232172687752,0.0004814625255351063,5.3734791467176e-05,0.00020367805707712652,0.00013404744655455604,0.0003150105305738828,8.615024604825667e-05,0.00022917497356766384,-0.00026377507310907923,7.685043753068353e-06,-4.740573241745772e-05,0.000151491553021338,-0.00012970056735465456,0.0001774585936534763,0.00015006217063820237,-0.00010313237944328853,-6.221379844590989e-05,4.7072559500150616e-05,0.0001823925318184649,-4.1341634798234875e-05,8.293203521622032e-05,-0.00017371148499257272,4.9298014243803654e-05,3.9763593253924764e-05,-0.00011462100000428352,0.0001464795931033278,7.587079942330978e-05,-0.00013016176627449013,7.347229304566677e-05,0.0001047698831750029,7.486961613141545e-05,-7.970812571681092e-05,0.00031477505063558524,0.00019438946549282115,-7.502628871172926e-05,5.98044350941889e-05,-0.00012428178258426997,0.000258384169610305,-3.720478319487948e-05,4.020136023179332e-05,-3.7843005250231757e-06,0.0002442648143634985,4.243599283981722e-05,3.256103341842422e-06,-0.00011353041127356955,0.00022296030777311,-6.358786012976823e-06,0.00016537810377459383,4.5955131439354466e-05,1.2660274336877228e-05,-6.564511662989908e-05,-7.585801718706716e-05,4.682764022730577e-05,-9.351103292063029e-05,0.00046211740781578126,0.00013000373271791592,6.838997634347553e-05
GEB.CL,0.0003949106776024183,0.0005966354556217458,0.001137431440282503,0.0005489014141135915,0.00025356133877572435,-0.00014647103354170654,0.0007916000938734515,0.00041685064921022195,0.00020462960554800522,0.00026789908141432384,0.00016021648888631058,0.0017537050521793003,0.0010017134780893283,0.0006779585653095326,0.00013210261402784654,0.0005751029321634004,0.00032790424451031457,0.0003465870565812175,0.00036876068533805604,0.0007298950785919698,-0.0003941974866632361,0.0002933385436583941,0.0005065597126143706,0.0007057954196275228,0.0006973361029471742,0.000612279109029712,0.0007383364379421868,0.0003997333825447082,0.0002461744420977495,-4.209000787184713e-05,0.0001843974826712075,0.0001405673542309966,0.00020079525292523675,0.00017441149793908216,0.00011825534751167044,0.00015431620149220743,0.00042109456165773964,0.0002487833516182309,4.667961718002368e-05,0.00023642941136554452,6.33362275209579e-05,4.1556059422588506e-05,8.16161704895769e-05,5.63377595422954e-05,5.171439011523955e-05,2.2654549103789138e-05,-0.00029517627609192143,9.311412391514966e-05,3.32748363460062e-05,8.113588884447116e-05,2.3193011938615355e-05,2.9793922560498672e-05,0.0004261865507368248,-8.368070300185088e-05,0.00011971868920441215,0.0004734559024655795,0.0002218937090922993,-0.00017597423127547028,8.588396007182922e-05,0.0001341663880062568,-5.614917037627984e-05,0.00011935660303078423,9.653543967808894e-05,0.0002334337553837,0.00017387475124796135,-5.0263580362084206e-05,6.746277584163527e-05,5.160286937208621e-05,4.690539346339203e-05,0.0001866756505227088,-2.460366522122144e-05,8.366950817388493e-05,0.0003049728053129468,8.025517261452494e-05,1.2931692622585911e-05,0.0001108721837195402
GRUBOLIVAR.CL,0.00024213946521225733,0.0005745062752588596,0.0009958989664911838,8.614607880315532e-05,0.00021292720171797434,-7.352632806810656e-05,0.0005248502591921596,-3.4415661837969454e-05,0.00020315486319384928,0.00023623467339713963,0.00024057582652319738,0.0010017134780893283,0.002198627924911373,0.0006317380328352042,3.011795183542228e-05,0.0007275307622877415,0.0002818828474581422,0.00025091470288110486,0.0001356020594902385,0.000777689089674336,-0.0006250799744829582,0.00036019220667147156,0.000348164336191203,0.0006127519225409655,0.0007664440821740535,0.0006409013757157398,0.000796364498380187,0.0007089656812261076,0.00018838584612564498,-3.194525577853448e-05,9.113614283135204e-05,2.1343341189201538e-05,7.488914803145918e-05,0.00028885188973108093,-4.021527687928465e-05,-2.6168636807638957e-05,0.0002865992645859987,7.542631773845052e-05,4.0236271662246205e-05,5.172743718389926e-05,9.959360483546785e-06,1.852227151829422e-05,4.783218211720839e-05,-2.395354201354108e-05,4.34666861839393e-05,2.8435721142817033e-05,-0.0002625445814324573,4.9881975048220155e-05,-9.755785051369951e-05,2.518003833656579e-05,-2.799977495276615e-05,-0.0001701539118669378,0.0002705144880284366,9.411665178513944e-05,-5.220534043253509e-05,0.00012399409903759943,7.783633068937094e-05,-6.429569365149922e-05,5.67883643955933e-05,6.035792690423867e-05,4.004123675044719e-05,1.3875506421846544e-05,-1.8701844983972813e-05,0.00012821955160752235,-7.52736610761937e-05,0.00021091903610733344,-5.642449469063874e-05,-0.00020525144348761156,-9.015487070842549e-05,0.00011234847702437463,-8.568729115662099e-06,6.142581933543893e-05,-6.704828747931956e-05,-0.0001369076560651582,-8.931867319160569e-05,4.005009926533941e-05
GRUPOARGOS.CL,0.0001353828672735751,0.00020676257649349897,0.0009354570901858496,0.000995482323611833,0.0005056385711783395,-0.00024478915564155615,0.0005060857197761417,0.0002623599520864915,0.00019409083098104155,0.00017235988109587453,0.00013720017194378576,0.0006779585653095326,0.0006317380328352042,0.0030505286821467833,4.967955916857238e-05,0.0011976703206144166,0.00037827035994081803,0.00048037636256302645,0.0005135313593096087,0.0006068929102781983,-0.00029688443375245173,0.00010871097771731405,0.00042664835433933875,0.0006992080004887553,0.0008571150634124308,0.002420162107011472,0.001577716068979814,0.0007207632663604593,0.00020763381049248292,-0.00010478173761039385,-0.0002812911765880102,0.0001484288252165129,7.00313833941512e-05,0.00018624212055759392,-0.0001284693100469561,0.00010584265941514641,0.0003442358398860244,5.296471500351131e-05,2.476396174739589e-05,7.215998402681451e-05,2.5687672216713645e-05,2.1019491729797644e-05,0.00018978986188871526,-4.6858320628073046e-05,3.8491073603224706e-05,-0.0001243765951076172,-0.0003672569183419498,-4.044727544653982e-05,7.953157154916445e-05,-2.1611292599226444e-05,0.00014915460982045805,-6.727895261735128e-05,8.253754338568409e-05,0.0001497732145406273,-2.5821421868130075e-05,9.062548328358823e-05,-0.000222757290527663,-0.0001271012575138554,-0.0001719848445994266,-1.8270217263418214e-05,3.482628150768985e-05,1.3667079243239147e-05,3.129977443870718e-05,-4.534223402009465e-05,-4.464871085482335e-05,-0.00022244235915399617,4.873672389905714e-05,-0.00022415404334751263,-0.00014447527263654946,0.00014419267426827583,-0.00010071255340820321,-2.6094116565491656e-05,-3.201692656431077e-05,-0.00010134682819606163,-0.0003400471634405557,-8.623512511909377e-05
GRUPOAVAL.CL,0.00041018910963019694,6.936799984743285e-05,0.00011845406600470065,-0.00016936677918292402,0.0005565182524213222,0.00040191094608152855,0.0006890086870594552,0.00044329199650473236,0.0003746617532604347,0.00015035672879710476,3.6649589423684104e-05,0.00013210261402784654,3.011795183542228e-05,4.967955916857238e-05,0.0018321913640572244,0.00020016644669098834,0.00031789557494327827,0.00041382374477488566,0.000490895620619792,0.00039500100040880176,0.00015889252476920497,0.0007533744484166831,0.0005518824467327177,0.00032034768207822264,0.0004891134297170749,0.0002472421671184467,0.0005087018519747864,-0.00015706410804585682,-0.0001084659877075402,-7.172035791954793e-05,0.00010588653047037827,0.00014516170343040443,0.00034442264702045375,-7.945411562890825e-05,0.00011107137389652857,8.301177685655392e-05,-0.00034557210052819015,0.00038375026927481195,-7.073323760361896e-06,2.4351975647679205e-05,4.095910997330909e-05,0.0001226272637317494,0.00022720019213831388,0.0001657727073066095,3.220998584266843e-05,2.967679839329686e-05,-7.376165478626076e-05,0.00011480836096618964,0.00011586956264478344,0.00011558353717434412,0.0002064582616392069,1.9204177051524386e-05,0.00024122480093625057,0.00017810141386870028,0.00012488439704558146,3.210617983053585e-05,8.771094124647132e-06,7.516034945749653e-05,0.00014515020650289468,6.116487444428509e-05,0.0002782164074559391,0.0001605091164663808,0.00019803308298913468,8.847979268844668e-05,0.0004761598748962131,-0.0002613691070694159,0.00020705564500174327,0.00019985522236693414,9.049240707317912e-05,4.591211122097378e-05,6.439117978229158e-05,0.0001252948450968132,0.00019072023259048476,0.0003078397575208641,-0.00034332723233013,9.482037087782674e-05
GRUPOSURA.CL,-3.093182800127525e-05,0.0004408235423770369,0.0006194917157826604,0.0009583480053132403,0.00028845068224148796,-0.0005121228033610126,0.0006789347540860337,0.0003960185393216907,0.0005720228761606393,0.0005791646141977403,0.00017365424975729663,0.0005751029321634004,0.0007275307622877415,0.0011976703206144166,0.00020016644669098834,0.003609395476472277,0.00037575750151777517,0.0003388071741157901,0.0006809182180068597,0.001305279618983735,-0.0011948319196132058,0.00017457112644767993,0.00042560661524049075,0.0014447360856228155,0.0009593893856493081,0.0014130726072807437,0.002084943906186664,0.0013674107613370933,0.00013615642393264972,-0.00022995263065082048,-0.0001838354871975348,-9.595029781352352e-05,2.2577449748489648e-05,-9.581346703386366e-05,5.715692319036744e-05,0.00010213449159475493,-9.760035680541947e-05,8.176117073614825e-05,-4.073685497210367e-05,0.0002459938662996934,0.00011178600436426413,2.990654191969676e-05,5.449327490059978e-05,0.0001428564921122878,5.8737337450714206e-05,0.00011002989093529914,-0.0005571701958884754,4.239032006674285e-05,-4.795081925182656e-05,5.909155124168428e-05,0.00016960476223858482,-0.0002312572799814336,7.205272755303527e-05,0.0002387545121612652,-0.0001556129654317516,0.00035715670229825717,1.1481607346428826e-05,-0.00017878531544758726,-0.0001457680156403572,-6.160192162391833e-05,0.0001409441735989621,1.6754355482329414e-05,0.00012350398417190105,-0.0003343969889682161,-5.5614580854274055e-06,-0.00014015856518244504,9.398263939777055e-05,-2.202709492142586e-05,-7.175702607569871e-06,0.00016945675445762096,3.542619796868531e-05,4.371586475896012e-05,-0.00015350274324957606,0.00032252055423085107,7.550673075777285e-05,1.3759426662841195e-05
HCOLSEL.CL,0.00024712687200319965,3.706267478650339e-05,0.00030869198951126914,0.00021576131917626752,0.0003506132340554861,1.702145227097273e-05,0.0005160454827830513,0.0003041831703592361,7.868429950671665e-05,7.752350536011184e-05,0.00019363358477943662,0.00032790424451031457,0.0002818828474581422,0.00037827035994081803,0.00031789557494327827,0.00037575750151777517,0.0004478230455340968,0.0003590792119944335,0.00045526896787478747,0.0003319969385250382,2.863943652770237e-05,0.0003711394516407555,0.0003961869766247341,0.00043428973547071507,0.00048012134889727996,0.0003890770923180804,0.0005079585572421584,0.0001531071766455885,0.00020459906741479407,-1.923218986863242e-05,7.148933348152657e-05,4.7306752203929926e-05,0.00014159856143379734,9.578062857739128e-05,5.1906156489837894e-05,4.365271387221536e-05,0.00012605260151760908,0.00019074669465231594,9.552300315586112e-06,8.359855412253209e-05,4.2138501371718795e-05,5.523695203086951e-05,5.4268054579688916e-05,3.903676855523118e-05,2.1721472121644867e-05,6.4826280612402e-05,-5.7853188916190644e-05,3.933148247989192e-05,2.9722902421265624e-05,7.287494483221863e-05,8.461997447206875e-05,9.870541900918835e-05,8.784422806616373e-05,9.665649072623548e-05,6.773544965540726e-05,9.133962974339415e-05,-2.8657239428987755e-05,1.7190946054163445e-05,4.673795947461029e-05,4.7134120634053114e-05,8.401433032825101e-05,9.208422035635817e-05,9.508336588937062e-05,-3.9275638611143166e-05,0.00010056644103070542,-0.00015344579958978657,0.00011477215818860987,5.090807762241228e-05,9.58210588711861e-05,3.1042742109477655e-05,2.0152500984792946e-05,3.576440866603027e-05,4.5722771409100484e-05,0.000140206100045911,-3.902104011313251e-05,1.3484140962531185e-05
ICOLCAP.CL,0.00033767484252474425,-7.293377194743925e-05,0.00038910071883187003,0.00028126890340104895,0.0006463595941118595,0.00016835862152918767,0.0004926983135742005,0.0003558191930181509,0.00011523023393409248,6.578982116380135e-05,0.00029520735818211555,0.0003465870565812175,0.00025091470288110486,0.00048037636256302645,0.00041382374477488566,0.0003388071741157901,0.0003590792119944335,0.0005660820081080977,0.000491495633097667,0.00037668189180136796,0.00020993499227043403,0.0004055400116917636,0.0006064456132555958,0.00042322228332381494,0.0005181104746322141,0.00041714891586204495,0.0006385440075828833,4.6598459391672133e-05,0.0001965195705026039,3.908267961165443e-05,1.1287233719793902e-05,0.00011272140394566123,0.00021839447854032053,0.0001718274129698083,6.790447711057675e-05,0.00012110536998214483,0.0002131095267966303,0.0003287122438610039,-4.817948978764721e-06,0.0001665980202620834,6.221384415588256e-05,0.00014322592671485635,0.00016983919824719063,0.00011920424535612667,0.00010732728241812568,9.396750277086963e-05,-8.350364206235199e-05,6.54375910200751e-05,0.00012784773288943818,0.00013536803836519575,0.00018296414364665515,3.4876473704177266e-05,0.0003181843025116182,0.00017166198758558965,0.00012987772552236078,0.00018151113976574268,-6.455796156516834e-05,6.091005323698971e-05,0.00011542067784299979,0.00014600491247477627,0.00016368671331009254,0.00010256641915938658,0.00015797729051504066,-0.00011643327683567033,0.00017798076069963946,-0.000247176169233124,0.0002476063030254208,2.5781611606629778e-05,0.00024518874782610906,6.829551120481227e-05,6.279420482714955e-05,6.767050863584336e-05,0.00021454182452690718,0.00024320326167217595,6.386828195220531e-05,3.3711243813026e-05
ISA.CL,0.00011704317821407206,8.089163623882785e-05,0.0003301749271893989,0.0003938635473892614,0.0006595939466135573,-6.204448953621443e-05,0.0006675153003800851,0.0003600756646320618,0.0003147664367466726,-5.1500731118617855e-05,2.9425475956378527e-05,0.00036876068533805604,0.0001356020594902385,0.0005135313593096087,0.000490895620619792,0.0006809182180068597,0.00045526896787478747,0.000491495633097667,0.0019515013889984856,0.0006905792735873263,0.00015803446627608947,0.0003939773856419328,0.0007633142053430368,0.0006444047748155643,0.0005225910671276774,0.0004887552789925848,0.000681752576800466,0.0004011713955493244,0.0003351123760739537,9.145739124642217e-05,-4.537241980976596e-05,0.00019160349317563208,0.00028982474895891436,0.00024588145403987095,0.00017613281281385118,0.000311468823739477,1.1117155513253071e-05,0.000422260794735409,-7.484728279541003e-06,0.00016220184135838195,9.642057030286348e-05,0.0001946076883418841,0.00029399892425652804,0.00023183849207603958,0.00017098585068531718,0.0003128278515412309,4.52789195593615e-05,8.207157233449429e-05,0.00017584312434056277,0.00010305149235282692,0.000260100211711497,0.0001383318241370035,0.00013390024445815015,0.00017715279276046513,0.00010421891671455866,0.00024245523026515008,-9.577739705220501e-05,0.00010934534503487048,0.0001691705441832303,0.0001256078363671305,0.0001846067046876749,0.00016067093169994372,0.00022888295048502843,-5.7608400936105674e-05,0.0002663481167510232,-0.0003372639564947898,0.00029343717422235054,0.00026533118032654157,0.0004111446127826588,4.5003080603474845e-05,0.000122345984562525,9.090361518548973e-05,0.00027195683328775315,0.00028795898239356054,-0.00014536818803165746,4.4931926228017604e-05
MINEROS.CL,7.017410664800852e-05,0.00041899193175018174,0.0006721021893122956,0.00055179330973387,0.00030526281116640644,0.0001594215069458761,0.0006752719503115963,0.0002491193079292044,0.0002092905715000163,0.0002358795977361957,-0.00012949232172687752,0.0007298950785919698,0.000777689089674336,0.0006068929102781983,0.00039500100040880176,0.001305279618983735,0.0003319969385250382,0.00037668189180136796,0.0006905792735873263,0.004356902483562879,-0.0008718412164758635,0.000421239164869728,0.00030175319068776797,0.001153985502012544,0.0009804022086372167,0.00039992054386437943,0.0010486646059417939,0.0012632404823429866,0.0001711287268613639,-8.508684433339205e-05,-0.00011406656951828286,-0.00023875877888772997,-3.669348245156348e-05,-2.600931053988249e-05,8.10151862755732e-07,-1.3860096130861588e-05,0.00010165143330416877,2.724789540792064e-05,2.356344743210823e-05,-0.00010458011291251936,-0.00022512650364335432,7.001583674997573e-05,1.6457737175247096e-05,-6.361931837746103e-05,-0.00012279706748637235,0.00011820553985682061,3.410157616363882e-05,1.5157147776320514e-05,-0.00010510858758962587,5.13826500798535e-05,9.956636415857855e-06,-0.0003010749756775771,0.00024293188847334356,0.0003769460893194819,3.9336421292121276e-05,0.0005626423735805192,0.0002015208243315659,-0.00012751712439147803,2.3429330402085156e-05,0.00010985341367056805,-6.519449812335601e-05,0.00012860409816908245,-0.00010400600791536068,-0.0002800008773592257,0.00035477942880779033,-0.0004888485876065192,0.00019837115946864787,-0.0002589838682340242,-5.7963515411929545e-06,0.00039380403900618515,0.0002860348991132419,4.772453251816904e-05,-0.00016107482481256155,0.0004780975682903661,8.641650582411215e-05,-4.539766488792928e-05
NUTRESA.CL,0.0007467382602437654,-0.0003611155494908754,-0.0007043106419137304,-0.0008593077802571032,0.00040690544100262065,-0.00028028660571878625,-1.3817228173834402e-05,-3.29268612027429e-05,-0.0004248449024962703,-0.00037989181915066243,0.0004814625255351063,-0.0003941974866632361,-0.0006250799744829582,-0.00029688443375245173,0.00015889252476920497,-0.0011948319196132058,2.863943652770237e-05,0.00020993499227043403,0.00015803446627608947,-0.0008718412164758635,0.007115659531855026,0.00016690857620479697,0.0001892566425194298,-0.00041206231747965204,-0.00043617989020135737,-0.00041907694314991244,-0.0007912532081011702,-0.0012570013761560835,-0.00012983586052146137,-2.1597679150963477e-06,-0.0003107841356631613,0.00032446544319178564,-7.994012453366967e-05,-9.835793563746439e-05,4.641260435135411e-05,3.850240141260604e-05,-3.95680258322857e-05,-5.910090576397989e-05,1.5387999856696397e-05,0.0003717102734460201,-4.15176776086933e-05,8.277924998674759e-05,0.00017746114143244484,-1.1113925161648896e-05,-0.00010912465664130697,4.779773258094362e-05,0.0002239313718254326,-0.00012849336600372413,0.0002742383297398023,-0.00012243417112912957,0.00021121959597590753,0.00019783846987566167,-0.00034488098011199747,0.00012680970305228615,5.527841685681607e-05,-0.00020604030838226612,-0.0005013860567625784,0.00011576232569740604,0.00011814838594338608,0.00023363286410049518,-0.00010632791338009964,0.00022568472242305332,-7.423141427987205e-06,-0.0005426126495518937,8.74370122423923e-06,-4.884202753917581e-05,-7.693624513856915e-05,4.7101077853910275e-06,4.572519819990612e-05,-5.2277302147049535e-05,-0.0003108725771715339,-0.0001444207189069641,0.0002650691597368613,0.0004096928784629844,0.0008025860142385769,-9.725659318960176e-05
PFAVAL.CL,0.0005473723146929178,0.00011667695544923184,0.00017108762079204602,-0.00014651270654869638,0.0006050051241530001,3.564589911197458e-05,0.0008410339133502503,0.0002867887087493068,0.00027606557737478555,0.0001739245134170194,5.3734791467176e-05,0.0002933385436583941,0.00036019220667147156,0.00010871097771731405,0.0007533744484166831,0.00017457112644767993,0.0003711394516407555,0.0004055400116917636,0.0003939773856419328,0.000421239164869728,0.00016690857620479697,0.0012893759971695363,0.0005922961397109711,0.00035003550984230336,0.000529953863569154,0.00011336246442475637,0.00018278589438669855,-3.0864587427591854e-05,0.0001365966805663535,1.3022917857430228e-05,7.854918126056627e-05,0.000179942120338161,0.00018322241964133451,0.00016992687614971678,1.2263436362412916e-05,0.00014383276857269305,-0.0001899517332012129,0.00023529101070901177,7.179964073365688e-06,5.673445713585093e-05,9.440891915736602e-05,0.0001158760089116768,0.0002622610296318211,-1.2831817525358292e-05,0.00010149142230521217,-3.9667201648069525e-07,-5.597788213553056e-05,9.116780503190557e-05,5.309338338046125e-05,0.00013422407598871348,8.139875593267295e-05,0.0001619303649089768,0.0002563065505080381,7.073796081605328e-05,0.00010146188989061276,-1.118827030601809e-05,-0.0001102811081988988,4.965705277007853e-05,0.00017827888569838576,9.039893689537157e-05,0.00014684976480972396,0.00015604849007892134,0.00010688337917947772,3.103373108928541e-05,0.00022815203398867415,-0.00025608524251466126,0.00021656490882923955,5.4467278060488865e-05,-7.32946617513644e-05,1.2582443383672179e-05,4.5481689741789515e-05,0.00011415205593190054,6.955223896511263e-05,6.285729249731348e-05,-0.00010989644285311393,4.8646352389328155e-05
